# Auto-generated leave-one-benchmark-out Random Forest cfg
key=502
bw_scale=4538.76800711
ipc_scale=3.91535131
mpki_scale=5.29812766
llc_mpki_scale=17.50672306
mem_bound_scale=47.36689695
queue_scale=200.51737051
dup_rate_scale=1.32811621
max_dup_scale=7.67042382
dtlb_mpki_scale=8.49326526
bias=-0.32430459
score_margin=0.78149170
consecutive_votes_required=1
consecutive_votes_required_weak=3
