# Auto-generated leave-one-benchmark-out Random Forest cfg
key=554
bw_scale=2816.06706451
ipc_scale=0.39444592
mpki_scale=11.45289700
llc_mpki_scale=8.62536236
mem_bound_scale=33.68241849
queue_scale=143.41051457
dup_rate_scale=1.36491260
max_dup_scale=3.87162799
dtlb_mpki_scale=1.47071884
bias=1.28367332
score_margin=0.73507783
consecutive_votes_required=3
consecutive_votes_required_weak=4
