# Auto-generated leave-one-benchmark-out Random Forest cfg
key=527
bw_scale=3824.74468640
ipc_scale=0.80036359
mpki_scale=8.39744985
llc_mpki_scale=15.32187442
mem_bound_scale=32.22051128
queue_scale=23.35716747
dup_rate_scale=1.40671935
max_dup_scale=3.41923964
dtlb_mpki_scale=4.85668907
bias=1.92517382
score_margin=0.43132633
consecutive_votes_required=1
consecutive_votes_required_weak=7
