# Auto-generated leave-one-benchmark-out Random Forest cfg
key=554
bw_scale=2242.93999553
ipc_scale=1.08984064
mpki_scale=2.02803155
llc_mpki_scale=1.07896062
mem_bound_scale=29.04582305
queue_scale=41.51928562
dup_rate_scale=0.06584047
max_dup_scale=1.36011837
dtlb_mpki_scale=0.59499353
bias=-0.00000045
score_margin=0.16743985
consecutive_votes_required=2
consecutive_votes_required_weak=3
