# Auto-generated leave-one-benchmark-out Random Forest cfg
key=cc_twitter
bw_scale=4788.75918286
ipc_scale=1.04303861
mpki_scale=2.56163768
llc_mpki_scale=1.55252719
mem_bound_scale=37.78507686
queue_scale=69.69645837
dup_rate_scale=0.10568972
max_dup_scale=1.40069002
dtlb_mpki_scale=1.07059456
bias=-0.00000029
score_margin=0.22692107
consecutive_votes_required=1
consecutive_votes_required_weak=2
