# Auto-generated leave-one-benchmark-out Random Forest cfg
key=pr_twitter
bw_scale=2101.54103824
ipc_scale=0.88688925
mpki_scale=2.37964675
llc_mpki_scale=1.28553224
mem_bound_scale=31.59738920
queue_scale=69.96668239
dup_rate_scale=0.05582850
max_dup_scale=2.25039758
dtlb_mpki_scale=1.35909634
bias=-0.00000038
score_margin=0.15687351
consecutive_votes_required=1
consecutive_votes_required_weak=3
