# Auto-generated leave-one-benchmark-out Random Forest cfg
key=502
bw_scale=7326.78796894
ipc_scale=4.38161873
mpki_scale=16.44960833
llc_mpki_scale=12.60669912
mem_bound_scale=26.29225105
queue_scale=256.00000000
dup_rate_scale=1.74947909
max_dup_scale=14.24070790
dtlb_mpki_scale=3.66094841
bias=0.41874158
score_margin=0.60751024
consecutive_votes_required=3
consecutive_votes_required_weak=4
