# Auto-generated leave-one-benchmark-out Random Forest cfg
key=507
bw_scale=3679.38951730
ipc_scale=0.76782064
mpki_scale=2.69203071
llc_mpki_scale=1.20897717
mem_bound_scale=39.06616554
queue_scale=90.80881089
dup_rate_scale=0.07925012
max_dup_scale=1.24360366
dtlb_mpki_scale=0.57788308
bias=-0.10679348
score_margin=0.19894553
consecutive_votes_required=2
consecutive_votes_required_weak=5
