# Auto-generated leave-one-benchmark-out Random Forest cfg
key=527
bw_scale=2961.56988426
ipc_scale=0.95519306
mpki_scale=2.87492629
llc_mpki_scale=1.55962686
mem_bound_scale=35.51999151
queue_scale=93.00340913
dup_rate_scale=0.07468516
max_dup_scale=1.41865919
dtlb_mpki_scale=0.81688970
bias=-0.09206032
score_margin=0.20340303
consecutive_votes_required=2
consecutive_votes_required_weak=4
