# Auto-generated leave-one-benchmark-out Random Forest cfg
key=bfs_twitter
bw_scale=2641.27786471
ipc_scale=1.11150199
mpki_scale=2.35397097
llc_mpki_scale=1.62922397
mem_bound_scale=31.62563754
queue_scale=76.48969474
dup_rate_scale=0.05833278
max_dup_scale=1.81602705
dtlb_mpki_scale=1.74045077
bias=-0.00000056
score_margin=0.23289913
consecutive_votes_required=1
consecutive_votes_required_weak=3
