# Auto-generated leave-one-benchmark-out Random Forest cfg
key=pr_twitter
bw_scale=7841.85340768
ipc_scale=4.35219780
mpki_scale=4.95900412
llc_mpki_scale=19.70329957
mem_bound_scale=55.11963486
queue_scale=175.63469152
dup_rate_scale=0.16588719
max_dup_scale=10.65768824
dtlb_mpki_scale=5.30574800
bias=-0.35386805
score_margin=0.64288693
consecutive_votes_required=3
consecutive_votes_required_weak=4
