# Auto-generated leave-one-benchmark-out Random Forest cfg
key=bc_twitter
bw_scale=1382.16967339
ipc_scale=0.95554483
mpki_scale=0.72320336
llc_mpki_scale=1.35408732
mem_bound_scale=15.33813704
queue_scale=53.06972211
dup_rate_scale=0.14427542
max_dup_scale=1.90568574
dtlb_mpki_scale=2.28682760
bias=-0.00000060
score_margin=0.19635728
consecutive_votes_required=1
consecutive_votes_required_weak=2
