# Auto-generated leave-one-benchmark-out Random Forest cfg
key=bfs_twitter
bw_scale=1375.94374277
ipc_scale=0.89359100
mpki_scale=0.82623398
llc_mpki_scale=1.35813090
mem_bound_scale=18.42794732
queue_scale=59.96513328
dup_rate_scale=0.09824140
max_dup_scale=1.82134141
dtlb_mpki_scale=2.13212280
bias=-0.00000011
score_margin=0.20266057
consecutive_votes_required=1
consecutive_votes_required_weak=2
