# Auto-generated leave-one-benchmark-out Random Forest cfg
key=cc_twitter
bw_scale=5340.88434201
ipc_scale=6.00000000
mpki_scale=6.00326041
llc_mpki_scale=17.11914482
mem_bound_scale=32.67446673
queue_scale=148.65587788
dup_rate_scale=1.31078775
max_dup_scale=4.67727725
dtlb_mpki_scale=10.00000000
bias=0.09888151
score_margin=0.72059998
consecutive_votes_required=3
consecutive_votes_required_weak=8
