# Auto-generated leave-one-benchmark-out Random Forest cfg
key=pr_web
bw_scale=1493.67857746
ipc_scale=0.87549390
mpki_scale=0.76176101
llc_mpki_scale=0.81946923
mem_bound_scale=17.41427126
queue_scale=51.64596565
dup_rate_scale=0.15050671
max_dup_scale=1.92841760
dtlb_mpki_scale=2.18923555
bias=-0.00000027
score_margin=0.25710167
consecutive_votes_required=1
consecutive_votes_required_weak=2
