# Auto-generated leave-one-benchmark-out Random Forest cfg
key=502
bw_scale=2108.33426914
ipc_scale=0.30493022
mpki_scale=2.30117309
llc_mpki_scale=0.50345200
mem_bound_scale=25.00941164
queue_scale=25.75041280
dup_rate_scale=0.01015119
max_dup_scale=1.00000000
dtlb_mpki_scale=1.26209756
bias=0.02824083
score_margin=0.18765006
consecutive_votes_required=1
consecutive_votes_required_weak=6
