# Auto-generated leave-one-benchmark-out Random Forest cfg
key=507
bw_scale=2653.37102289
ipc_scale=0.33080993
mpki_scale=2.20324004
llc_mpki_scale=0.32309257
mem_bound_scale=29.80460280
queue_scale=26.71311431
dup_rate_scale=0.00864733
max_dup_scale=1.00000000
dtlb_mpki_scale=1.46307812
bias=0.02417860
score_margin=0.19774054
consecutive_votes_required=1
consecutive_votes_required_weak=5
