# Auto-generated leave-one-benchmark-out Random Forest cfg
key=554
bw_scale=2521.82371703
ipc_scale=0.88202587
mpki_scale=2.55517322
llc_mpki_scale=1.39021188
mem_bound_scale=38.04120263
queue_scale=57.09952978
dup_rate_scale=0.07033433
max_dup_scale=2.01686959
dtlb_mpki_scale=1.23002923
bias=-0.09989917
score_margin=0.13858062
consecutive_votes_required=4
consecutive_votes_required_weak=7
