# Auto-generated leave-one-benchmark-out Random Forest cfg
key=bfs_twitter
bw_scale=3809.95393450
ipc_scale=1.16654145
mpki_scale=2.04415910
llc_mpki_scale=1.62295471
mem_bound_scale=36.89118627
queue_scale=143.55626209
dup_rate_scale=0.07089336
max_dup_scale=1.26563230
dtlb_mpki_scale=1.19423559
bias=-0.00000068
score_margin=0.17282158
consecutive_votes_required=3
consecutive_votes_required_weak=6
