# Auto-generated leave-one-benchmark-out Random Forest cfg
key=pr_twitter
bw_scale=2085.14428719
ipc_scale=0.30719807
mpki_scale=10.62365581
llc_mpki_scale=12.45554800
mem_bound_scale=44.39170975
queue_scale=147.43764782
dup_rate_scale=0.87792041
max_dup_scale=4.00442400
dtlb_mpki_scale=1.71453234
bias=1.62973500
score_margin=0.61803012
consecutive_votes_required=2
consecutive_votes_required_weak=4
